# Gazebo occam simulated parameters

height: 960
width: 1280

D: [0.0, 0.0, 0.0, 0.0, 0.0]
K: [333.16354886231323, 0.0, 640.5, 0.0, 333.16354886231323, 480.5, 0.0, 0.0, 1.0]
R: [1.0, 0.0, 0.0, 0.0, 1.0, 0.0, 0.0, 0.0, 1.0]
P: [333.16354886231323, 0.0, 640.5, -0.0, 0.0, 333.16354886231323, 480.5, 0.0, 0.0, 0.0, 1.0, 0.0]

