# Gazebo occam simulated parameters

width: 752
height: 480

D: [-0.360085, 0.115116, 0.007768, 0.004616, 0.000000]
K: [656.926137, 0.000000, 376.5, 0.000000, 656.926137, 240.5, 0.000000, 0.000000, 1.000000]
R: [1.0, 0.0, 0.0, 0.0, 1.0, 0.0, 0.0, 0.0, 1.0]
P: [656.926137, 0.0, 376.5, -0.0, 0.0, 656.926137, 240.5, 0.0, 0.0, 0.0, 1.0, 0.0]
