D : [-0.30279345210371794, 0.08175123158253288, 0.0012462304685154542, 0.0021226068829201836, 0.0]
K : [500.0226008055517, 0.0, 344.44986293726333, 0.0, 491.9222435781478, 182.02786865893214, 0.0, 0.0, 1.0]
R : [1.0, 0.0, 0.0, 0.0, 1.0, 0.0, 0.0, 0.0, 1.0]
P : [396.99920654296875, 0.0, 332.29562900134624, 0.0, 0.0, 444.5856018066406, 172.4621194752399, 0.0, 0.0, 0.0, 1.0, 0.0]
width: 752
height: 480

camera_matrix:
  rows: 3
  cols: 3
  data: [500.022601, 0.000000, 344.449863, 0.000000, 491.922244, 182.027869, 0.000000, 0.000000, 1.000000 ]
distortion_model: plumb_bob
distortion_coefficients:
  rows: 1
  cols: 5
  data: [-0.302793, 0.081751, 0.001246, 0.002123, 0.000000]

rectification_matrix:
  rows: 3
  cols: 3
  data: [1.000000, 0.000000, 0.000000, 0.000000, 1.000000, 0.000000, 0.000000, 0.000000, 1.000000]

projection_matrix:
  rows: 3
  cols: 4
  data: [396.999207, 0.000000, 332.295629, 0.000000, 0.000000, 444.585602, 172.462119, 0.000000, 0.000000, 0.000000, 1.000000, 0.000000]